[
    [ 1397433600000, 0],
    [ 1397347200000, 3],
    [ 1397260800000, 1],
    [ 1397174400000, 0],
    [ 1397088000000, 0],
    [ 1397001600000, 8],
    [ 1396915200000, 6],
    [ 1396828800000, 10],
    [ 1396742400000, 2],
    [ 1396656000000, 0],
    [ 1396569600000, 1],
    [ 1396483200000, 5],
    [ 1396396800000, 4],
    [ 1396310400000, 0]
],
[
    [ 1397433600000, 9],
    [ 1397347200000, 6],
    [ 1397260800000, 8],
    [ 1397174400000, 3],
    [ 1397088000000, 1],
    [ 1397001600000, 8],
    [ 1396915200000, 14],
    [ 1396828800000, 3],
    [ 1396742400000, 0],
    [ 1396656000000, 6],
    [ 1396569600000, 7],
    [ 1396483200000, 4],
    [ 1396396800000, 0],
    [ 1396310400000, 7]
],
[
    [ 1397433600000, 4],
    [ 1397347200000, 1],
    [ 1397260800000, 0],
    [ 1397174400000, 13],
    [ 1397088000000, 10],
    [ 1397001600000, 5],
    [ 1396915200000, 1],
    [ 1396828800000, 0],
    [ 1396742400000, 8],
    [ 1396656000000, 11],
    [ 1396569600000, 2],
    [ 1396483200000, 8],
    [ 1396396800000, 3],
    [ 1396310400000, 2]
]